(  0) 3
(  1) 225
(  2) 1
(  3) 225
(  4) 6
(  5) 6
(  6) 1100
(  7) 1
(  8) 238
(  9) 225
( 10) 104
( 11) 0
( 12) 1002
( 13) 92
( 14) 42
( 15) 224
( 16) 1001
( 17) 224
( 18) -3444
( 19) 224
( 20) 4
( 21) 224
( 22) 102
( 23) 8
( 24) 223
( 25) 223
( 26) 101
( 27) 4
( 28) 224
( 29) 224
( 30) 1
( 31) 224
( 32) 223
( 33) 223
( 34) 1102
( 35) 24
( 36) 81
( 37) 225
( 38) 1101
( 39) 89
( 40) 36
( 41) 224
( 42) 101
( 43) -125
( 44) 224
( 45) 224
( 46) 4
( 47) 224
( 48) 102
( 49) 8
( 50) 223
( 51) 223
( 52) 101
( 53) 5
( 54) 224
( 55) 224
( 56) 1
( 57) 224
( 58) 223
( 59) 223
( 60) 2
( 61) 118
( 62) 191
( 63) 224
( 64) 101
( 65) -880
( 66) 224
( 67) 224
( 68) 4
( 69) 224
( 70) 1002
( 71) 223
( 72) 8
( 73) 223
( 74) 1001
( 75) 224
( 76) 7
( 77) 224
( 78) 1
( 79) 224
( 80) 223
( 81) 223
( 82) 1102
( 83) 68
( 84) 94
( 85) 225
( 86) 1101
( 87) 85
( 88) 91
( 89) 225
( 90) 1102
( 91) 91
( 92) 82
( 93) 225
( 94) 1102
( 95) 85
( 96) 77
( 97) 224
( 98) 101
( 99) -6545
(100) 224
(101) 224
(102) 4
(103) 224
(104) 1002
(105) 223
(106) 8
(107) 223
(108) 101
(109) 7
(110) 224
(111) 224
(112) 1
(113) 223
(114) 224
(115) 223
(116) 1101
(117) 84
(118) 20
(119) 225
(120) 102
(121) 41
(122) 36
(123) 224
(124) 101
(125) -3321
(126) 224
(127) 224
(128) 4
(129) 224
(130) 1002
(131) 223
(132) 8
(133) 223
(134) 101
(135) 7
(136) 224
(137) 224
(138) 1
(139) 223
(140) 224
(141) 223
(142) 1
(143) 188
(144) 88
(145) 224
(146) 101
(147) -183
(148) 224
(149) 224
(150) 4
(151) 224
(152) 1002
(153) 223
(154) 8
(155) 223
(156) 1001
(157) 224
(158) 7
(159) 224
(160) 1
(161) 224
(162) 223
(163) 223
(164) 1001
(165) 84
(166) 43
(167) 224
(168) 1001
(169) 224
(170) -137
(171) 224
(172) 4
(173) 224
(174) 102
(175) 8
(176) 223
(177) 223
(178) 101
(179) 4
(180) 224
(181) 224
(182) 1
(183) 224
(184) 223
(185) 223
(186) 1102
(187) 71
(188) 92
(189) 225
(190) 1101
(191) 44
(192) 50
(193) 225
(194) 1102
(195) 29
(196) 47
(197) 225
(198) 101
(199) 7
(200) 195
(201) 224
(202) 101
(203) -36
(204) 224
(205) 224
(206) 4
(207) 224
(208) 102
(209) 8
(210) 223
(211) 223
(212) 101
(213) 6
(214) 224
(215) 224
(216) 1
(217) 223
(218) 224
(219) 223
(220) 4
(221) 223
(222) 99
(223) 0
(224) 0
(225) 0
(226) 677
(227) 0
(228) 0
(229) 0
(230) 0
(231) 0
(232) 0
(233) 0
(234) 0
(235) 0
(236) 0
(237) 0
(238) 1105
(239) 0
(240) 99999
(241) 1105
(242) 227
(243) 247
(244) 1105
(245) 1
(246) 99999
(247) 1005
(248) 227
(249) 99999
(250) 1005
(251) 0
(252) 256
(253) 1105
(254) 1
(255) 99999
(256) 1106
(257) 227
(258) 99999
(259) 1106
(260) 0
(261) 265
(262) 1105
(263) 1
(264) 99999
(265) 1006
(266) 0
(267) 99999
(268) 1006
(269) 227
(270) 274
(271) 1105
(272) 1
(273) 99999
(274) 1105
(275) 1
(276) 280
(277) 1105
(278) 1
(279) 99999
(280) 1
(281) 225
(282) 225
(283) 225
(284) 1101
(285) 294
(286) 0
(287) 0
(288) 105
(289) 1
(290) 0
(291) 1105
(292) 1
(293) 99999
(294) 1106
(295) 0
(296) 300
(297) 1105
(298) 1
(299) 99999
(300) 1
(301) 225
(302) 225
(303) 225
(304) 1101
(305) 314
(306) 0
(307) 0
(308) 106
(309) 0
(310) 0
(311) 1105
(312) 1
(313) 99999
(314) 107
(315) 677
(316) 677
(317) 224
(318) 1002
(319) 223
(320) 2
(321) 223
(322) 1006
(323) 224
(324) 329
(325) 1001
(326) 223
(327) 1
(328) 223
(329) 1108
(330) 226
(331) 677
(332) 224
(333) 102
(334) 2
(335) 223
(336) 223
(337) 1006
(338) 224
(339) 344
(340) 101
(341) 1
(342) 223
(343) 223
(344) 1107
(345) 226
(346) 226
(347) 224
(348) 1002
(349) 223
(350) 2
(351) 223
(352) 1006
(353) 224
(354) 359
(355) 101
(356) 1
(357) 223
(358) 223
(359) 8
(360) 677
(361) 226
(362) 224
(363) 1002
(364) 223
(365) 2
(366) 223
(367) 1006
(368) 224
(369) 374
(370) 1001
(371) 223
(372) 1
(373) 223
(374) 1107
(375) 677
(376) 226
(377) 224
(378) 102
(379) 2
(380) 223
(381) 223
(382) 1005
(383) 224
(384) 389
(385) 1001
(386) 223
(387) 1
(388) 223
(389) 1008
(390) 677
(391) 677
(392) 224
(393) 1002
(394) 223
(395) 2
(396) 223
(397) 1006
(398) 224
(399) 404
(400) 1001
(401) 223
(402) 1
(403) 223
(404) 108
(405) 677
(406) 677
(407) 224
(408) 102
(409) 2
(410) 223
(411) 223
(412) 1005
(413) 224
(414) 419
(415) 1001
(416) 223
(417) 1
(418) 223
(419) 1107
(420) 226
(421) 677
(422) 224
(423) 102
(424) 2
(425) 223
(426) 223
(427) 1006
(428) 224
(429) 434
(430) 101
(431) 1
(432) 223
(433) 223
(434) 1008
(435) 226
(436) 226
(437) 224
(438) 1002
(439) 223
(440) 2
(441) 223
(442) 1006
(443) 224
(444) 449
(445) 1001
(446) 223
(447) 1
(448) 223
(449) 107
(450) 226
(451) 226
(452) 224
(453) 102
(454) 2
(455) 223
(456) 223
(457) 1006
(458) 224
(459) 464
(460) 1001
(461) 223
(462) 1
(463) 223
(464) 1007
(465) 677
(466) 226
(467) 224
(468) 1002
(469) 223
(470) 2
(471) 223
(472) 1006
(473) 224
(474) 479
(475) 1001
(476) 223
(477) 1
(478) 223
(479) 1108
(480) 226
(481) 226
(482) 224
(483) 102
(484) 2
(485) 223
(486) 223
(487) 1006
(488) 224
(489) 494
(490) 1001
(491) 223
(492) 1
(493) 223
(494) 8
(495) 226
(496) 226
(497) 224
(498) 1002
(499) 223
(500) 2
(501) 223
(502) 1005
(503) 224
(504) 509
(505) 1001
(506) 223
(507) 1
(508) 223
(509) 7
(510) 226
(511) 677
(512) 224
(513) 102
(514) 2
(515) 223
(516) 223
(517) 1005
(518) 224
(519) 524
(520) 101
(521) 1
(522) 223
(523) 223
(524) 1008
(525) 677
(526) 226
(527) 224
(528) 102
(529) 2
(530) 223
(531) 223
(532) 1005
(533) 224
(534) 539
(535) 101
(536) 1
(537) 223
(538) 223
(539) 107
(540) 226
(541) 677
(542) 224
(543) 1002
(544) 223
(545) 2
(546) 223
(547) 1006
(548) 224
(549) 554
(550) 1001
(551) 223
(552) 1
(553) 223
(554) 1108
(555) 677
(556) 226
(557) 224
(558) 102
(559) 2
(560) 223
(561) 223
(562) 1005
(563) 224
(564) 569
(565) 101
(566) 1
(567) 223
(568) 223
(569) 108
(570) 226
(571) 226
(572) 224
(573) 1002
(574) 223
(575) 2
(576) 223
(577) 1005
(578) 224
(579) 584
(580) 1001
(581) 223
(582) 1
(583) 223
(584) 7
(585) 677
(586) 226
(587) 224
(588) 1002
(589) 223
(590) 2
(591) 223
(592) 1005
(593) 224
(594) 599
(595) 1001
(596) 223
(597) 1
(598) 223
(599) 108
(600) 226
(601) 677
(602) 224
(603) 1002
(604) 223
(605) 2
(606) 223
(607) 1006
(608) 224
(609) 614
(610) 101
(611) 1
(612) 223
(613) 223
(614) 1007
(615) 677
(616) 677
(617) 224
(618) 1002
(619) 223
(620) 2
(621) 223
(622) 1006
(623) 224
(624) 629
(625) 101
(626) 1
(627) 223
(628) 223
(629) 7
(630) 677
(631) 677
(632) 224
(633) 102
(634) 2
(635) 223
(636) 223
(637) 1005
(638) 224
(639) 644
(640) 101
(641) 1
(642) 223
(643) 223
(644) 1007
(645) 226
(646) 226
(647) 224
(648) 1002
(649) 223
(650) 2
(651) 223
(652) 1006
(653) 224
(654) 659
(655) 1001
(656) 223
(657) 1
(658) 223
(659) 8
(660) 226
(661) 677
(662) 224
(663) 102
(664) 2
(665) 223
(666) 223
(667) 1005
(668) 224
(669) 674
(670) 1001
(671) 223
(672) 1
(673) 223
(674) 4
(675) 223
(676) 99
(677) 226
